0.000000000000000000e+00 0.000000000000000000e+00
2.500000000000000139e-02 3.593950075057990839e-73
5.000000000000000278e-02 6.495390799791948822e-72
7.500000000000001110e-02 1.019626698377352871e-70
1.000000000000000056e-01 1.937874601882563561e-69
1.250000000000000000e-01 4.911596098935651447e-68
1.500000000000000222e-01 1.720176476319272064e-66
1.750000000000000167e-01 8.420938973507838497e-65
2.000000000000000111e-01 5.758477310808907664e-63
2.250000000000000056e-01 5.457380820072138320e-61
2.500000000000000000e-01 7.076176266157862988e-59
2.750000000000000222e-01 1.234566920974473462e-56
3.000000000000000444e-01 2.841471774871503125e-54
3.250000000000000111e-01 8.435646194736670619e-52
3.500000000000000333e-01 3.150695685764583321e-49
3.750000000000000000e-01 1.440724012722946292e-46
4.000000000000000222e-01 7.831972633936615947e-44
4.250000000000000444e-01 4.904559449204098332e-41
4.500000000000000111e-01 3.421442859650469161e-38
4.750000000000000333e-01 2.566147441548512557e-35
5.000000000000000000e-01 1.993231253282896433e-32
5.250000000000000222e-01 1.541530640634526114e-29
5.500000000000000444e-01 1.139118323394404906e-26
5.750000000000000666e-01 7.704013262811639094e-24
6.000000000000000888e-01 4.559638794715683170e-21
6.250000000000000000e-01 2.254192324416649073e-18
6.500000000000000222e-01 8.870750060162366722e-16
6.750000000000000444e-01 2.643777851829441333e-13
7.000000000000000666e-01 5.669727561189520577e-11
7.250000000000000888e-01 8.303156137021371694e-09
7.500000000000000000e-01 7.874080511652019762e-07
7.750000000000000222e-01 4.584682301537057068e-05
8.000000000000000444e-01 1.555629381346730448e-03
8.250000000000000666e-01 2.929285892626049340e-02
8.500000000000000888e-01 2.938135415776896298e-01
8.750000000000000000e-01 1.533561937491938032e+00
9.000000000000000222e-01 4.229068676328956222e+00
9.250000000000000444e-01 6.749828947395552170e+00
9.500000000000000666e-01 7.560746605889915095e+00
9.750000000000000888e-01 7.255046083736405471e+00
1.000000000000000000e+00 5.961429568990055827e+00
1.025000000000000133e+00 3.452704433572608700e+00
1.050000000000000044e+00 1.391843657757528385e+00
1.074999999999999956e+00 7.191607795104436596e-01
1.100000000000000089e+00 5.112185523405106125e-01
1.125000000000000000e+00 2.501831285418852913e-01
1.150000000000000133e+00 5.591661067720998801e-02
1.175000000000000044e+00 4.473155380999811054e-03
1.200000000000000178e+00 1.085035397300301472e-04
1.225000000000000089e+00 7.026767247284087533e-07
1.250000000000000000e+00 1.088761277992791015e-09
1.275000000000000133e+00 3.645458668883943217e-13
1.300000000000000044e+00 2.390012853221953261e-17
1.325000000000000178e+00 2.782932533954726259e-22
1.350000000000000089e+00 5.219405901044278747e-28
1.375000000000000000e+00 1.428810245306532041e-34
1.400000000000000133e+00 5.167469031172795406e-42
1.425000000000000044e+00 2.231734887541805563e-50
1.450000000000000178e+00 1.038757828001746201e-59
1.475000000000000089e+00 4.694954234353562497e-70
1.500000000000000000e+00 1.853518413358268443e-81
1.525000000000000133e+00 5.739305965826033653e-94
1.550000000000000044e+00 1.249391794083228495e-107
1.575000000000000178e+00 1.710865691356557376e-122
1.600000000000000089e+00 1.316213200588456256e-138
1.625000000000000000e+00 5.071692667870449082e-156
1.650000000000000133e+00 8.710102133288939046e-175
1.675000000000000044e+00 5.921955519035831938e-195
1.700000000000000178e+00 1.413203359946632347e-216
1.725000000000000089e+00 1.047523967507178157e-239
1.750000000000000000e+00 2.130393132319809556e-264
1.775000000000000133e+00 1.048098229619264859e-290
1.800000000000000044e+00 1.097838568341541883e-318
1.825000000000000178e+00 0.000000000000000000e+00
1.850000000000000089e+00 0.000000000000000000e+00
1.875000000000000000e+00 0.000000000000000000e+00
1.900000000000000133e+00 0.000000000000000000e+00
1.925000000000000044e+00 0.000000000000000000e+00
1.950000000000000178e+00 0.000000000000000000e+00
1.975000000000000089e+00 0.000000000000000000e+00
2.000000000000000000e+00 0.000000000000000000e+00
2.024999999999999911e+00 0.000000000000000000e+00
2.050000000000000266e+00 0.000000000000000000e+00
2.075000000000000178e+00 0.000000000000000000e+00
2.100000000000000089e+00 0.000000000000000000e+00
2.125000000000000000e+00 0.000000000000000000e+00
2.149999999999999911e+00 0.000000000000000000e+00
2.175000000000000266e+00 0.000000000000000000e+00
2.200000000000000178e+00 0.000000000000000000e+00
2.225000000000000089e+00 0.000000000000000000e+00
2.250000000000000000e+00 0.000000000000000000e+00
2.274999999999999911e+00 0.000000000000000000e+00
2.300000000000000266e+00 0.000000000000000000e+00
2.325000000000000178e+00 0.000000000000000000e+00
2.350000000000000089e+00 0.000000000000000000e+00
2.375000000000000000e+00 0.000000000000000000e+00
2.400000000000000355e+00 0.000000000000000000e+00
2.425000000000000266e+00 0.000000000000000000e+00
2.450000000000000178e+00 0.000000000000000000e+00
2.475000000000000089e+00 0.000000000000000000e+00
2.500000000000000000e+00 0.000000000000000000e+00
