0.000000000000000000e+00 0.000000000000000000e+00
2.500000000000000139e-02 8.554442665796950856e-119
5.000000000000000278e-02 1.350619152922363437e-118
7.500000000000001110e-02 2.131082252534429965e-118
1.000000000000000056e-01 4.728231202458870252e-118
1.250000000000000000e-01 1.640023598728573140e-117
1.500000000000000222e-01 9.301466863019260310e-117
1.750000000000000167e-01 8.807260565599786532e-116
2.000000000000000111e-01 1.404406946746218799e-114
2.250000000000000056e-01 3.776829451498786599e-113
2.500000000000000000e-01 1.706865177814408647e-111
2.750000000000000222e-01 1.286814011407244273e-109
3.000000000000000444e-01 1.601502513983150791e-107
3.250000000000000111e-01 3.247155271964187625e-105
3.500000000000000333e-01 1.055936839642939672e-102
3.750000000000000000e-01 5.409133667359243852e-100
4.000000000000000222e-01 4.277758337396902737e-97
4.250000000000000444e-01 5.107754945751811582e-94
4.500000000000000111e-01 8.986754118867342662e-91
4.750000000000000333e-01 2.269309408774902811e-87
5.000000000000000000e-01 7.994672086886147225e-84
5.250000000000000222e-01 3.812161460440721296e-80
5.500000000000000444e-01 2.382380733318106868e-76
5.750000000000000666e-01 1.885778511831118536e-72
6.000000000000000888e-01 1.823689261102404021e-68
6.250000000000000000e-01 2.074475910541519937e-64
6.500000000000000222e-01 2.667230601022203973e-60
6.750000000000000444e-01 3.717830773432057720e-56
7.000000000000000666e-01 5.378579561809666983e-52
7.250000000000000888e-01 7.717230141863578595e-48
7.500000000000000000e-01 1.047463546010222263e-43
7.750000000000000222e-01 1.280488210483950104e-39
8.000000000000000444e-01 1.339873351107845899e-35
8.250000000000000666e-01 1.138476104274044857e-31
8.500000000000000888e-01 7.439097540242901738e-28
8.750000000000000000e-01 3.534125347135176065e-24
9.000000000000000222e-01 1.152215698945159825e-20
9.250000000000000444e-01 2.429635681487623701e-17
9.500000000000000666e-01 3.118737123413765665e-14
9.750000000000000888e-01 2.291076784158918280e-11
1.000000000000000000e+00 9.049315854989470172e-09
1.025000000000000133e+00 1.805564794241208198e-06
1.050000000000000044e+00 1.712122806813140335e-04
1.074999999999999956e+00 7.288495114632486532e-03
1.100000000000000089e+00 1.328624876276564282e-01
1.125000000000000000e+00 1.012031664010411003e+00
1.150000000000000133e+00 3.315181205560925548e+00
1.175000000000000044e+00 5.381706857230015295e+00
1.200000000000000178e+00 5.802153312720436773e+00
1.225000000000000089e+00 5.596862495748767152e+00
1.250000000000000000e+00 5.458361159531967211e+00
1.275000000000000133e+00 5.218429527079177177e+00
1.300000000000000044e+00 4.221457409783163861e+00
1.325000000000000178e+00 2.198639228406549684e+00
1.350000000000000089e+00 7.519633480428441485e-01
1.375000000000000000e+00 4.189199210727646561e-01
1.400000000000000133e+00 3.167124911683469324e-01
1.425000000000000044e+00 1.430109900451203009e-01
1.450000000000000178e+00 2.325023069395047368e-02
1.475000000000000089e+00 9.867900460172683141e-04
1.500000000000000000e+00 8.936259373372662526e-06
1.525000000000000133e+00 1.491054391038291548e-08
1.550000000000000044e+00 4.049920818348486654e-12
1.575000000000000178e+00 1.597284829806885826e-16
1.600000000000000089e+00 8.191495067011389005e-22
1.625000000000000000e+00 4.897892195122259387e-28
1.650000000000000133e+00 3.061473063519397424e-35
1.675000000000000044e+00 1.792342513996272776e-43
1.700000000000000178e+00 8.795992393716969867e-53
1.725000000000000089e+00 3.233930644807241608e-63
1.750000000000000000e+00 7.948884631127630457e-75
1.775000000000000133e+00 1.163737033688516035e-87
1.800000000000000044e+00 9.025832895912623369e-102
1.825000000000000178e+00 3.292769298671411242e-117
1.850000000000000089e+00 5.008041762007798934e-134
1.875000000000000000e+00 2.809450827898483169e-152
1.900000000000000133e+00 5.133952079521305666e-172
1.925000000000000044e+00 2.694010327539012370e-193
1.950000000000000178e+00 3.571985213820492554e-216
1.975000000000000089e+00 1.051068096598023005e-240
2.000000000000000000e+00 6.017408113755027513e-267
2.024999999999999911e+00 5.865269564320230850e-295
2.050000000000000266e+00 0.000000000000000000e+00
2.075000000000000178e+00 0.000000000000000000e+00
2.100000000000000089e+00 0.000000000000000000e+00
2.125000000000000000e+00 0.000000000000000000e+00
2.149999999999999911e+00 0.000000000000000000e+00
2.175000000000000266e+00 0.000000000000000000e+00
2.200000000000000178e+00 0.000000000000000000e+00
2.225000000000000089e+00 0.000000000000000000e+00
2.250000000000000000e+00 0.000000000000000000e+00
2.274999999999999911e+00 0.000000000000000000e+00
2.300000000000000266e+00 0.000000000000000000e+00
2.325000000000000178e+00 0.000000000000000000e+00
2.350000000000000089e+00 0.000000000000000000e+00
2.375000000000000000e+00 0.000000000000000000e+00
2.400000000000000355e+00 0.000000000000000000e+00
2.425000000000000266e+00 0.000000000000000000e+00
2.450000000000000178e+00 0.000000000000000000e+00
2.475000000000000089e+00 0.000000000000000000e+00
2.500000000000000000e+00 0.000000000000000000e+00
