0.000000000000000000e+00 0.000000000000000000e+00
2.525252525252525207e-02 2.420732792983271431e-01
5.050505050505050414e-02 1.539901953694045922e+00
7.575757575757575968e-02 4.339992456834437462e+00
1.010101010101010083e-01 7.375084764934993764e+00
1.262626262626262708e-01 8.249285757643527006e+00
1.515151515151515194e-01 6.570500752611954987e+00
1.767676767676767680e-01 4.467884228304959571e+00
2.020202020202020166e-01 3.195354511186154323e+00
2.272727272727272652e-01 2.157597557077034267e+00
2.525252525252525415e-01 1.063569842568397039e+00
2.777777777777777901e-01 3.318573886742297030e-01
3.030303030303030387e-01 6.105379203938363780e-02
3.282828282828282873e-01 6.277006076724212826e-03
3.535353535353535359e-01 3.421911643809161501e-04
3.787878787878787845e-01 9.365090412995100101e-06
4.040404040404040331e-01 1.214991925915641608e-07
4.292929292929292817e-01 7.037266463295073956e-10
4.545454545454545303e-01 1.709526010238783865e-12
4.797979797979797789e-01 1.632479871266825690e-15
5.050505050505050830e-01 5.730946418101534425e-19
5.303030303030302761e-01 6.902566503576074848e-23
5.555555555555555802e-01 2.656598718090738631e-27
5.808080808080807733e-01 3.036995028731063873e-32
6.060606060606060774e-01 9.567397260764006731e-38
6.313131313131312705e-01 7.690699858848360382e-44
6.565656565656565746e-01 1.457853724634216867e-50
6.818181818181817677e-01 6.011101300615914793e-58
7.070707070707070718e-01 4.963213858588032363e-66
7.323232323232322649e-01 7.540097220399218119e-75
7.575757575757575690e-01 1.932813836566754849e-84
7.828282828282827621e-01 7.651615013403449142e-95
8.080808080808080662e-01 4.273393755523761661e-106
8.333333333333333703e-01 3.069808077263639767e-118
8.585858585858585634e-01 2.580978271154275155e-131
8.838383838383838675e-01 2.306548656961491962e-145
9.090909090909090606e-01 1.985957991938545424e-160
9.343434343434343647e-01 1.490335579003048913e-176
9.595959595959595578e-01 8.801065054154165111e-194
9.848484848484848619e-01 3.685590700555767975e-212
1.010101010101010166e+00 9.843194989350501389e-232
1.035353535353535248e+00 1.504912720897531360e-252
1.060606060606060552e+00 1.179979705043335951e-274
1.085858585858585856e+00 4.242482688572333343e-298
1.111111111111111160e+00 0.000000000000000000e+00
1.136363636363636243e+00 0.000000000000000000e+00
1.161616161616161547e+00 0.000000000000000000e+00
1.186868686868686851e+00 0.000000000000000000e+00
1.212121212121212155e+00 0.000000000000000000e+00
1.237373737373737459e+00 0.000000000000000000e+00
1.262626262626262541e+00 0.000000000000000000e+00
1.287878787878787845e+00 0.000000000000000000e+00
1.313131313131313149e+00 0.000000000000000000e+00
1.338383838383838453e+00 0.000000000000000000e+00
1.363636363636363535e+00 0.000000000000000000e+00
1.388888888888888840e+00 0.000000000000000000e+00
1.414141414141414144e+00 0.000000000000000000e+00
1.439393939393939448e+00 0.000000000000000000e+00
1.464646464646464530e+00 0.000000000000000000e+00
1.489898989898989834e+00 0.000000000000000000e+00
1.515151515151515138e+00 0.000000000000000000e+00
1.540404040404040442e+00 0.000000000000000000e+00
1.565656565656565524e+00 0.000000000000000000e+00
1.590909090909090828e+00 0.000000000000000000e+00
1.616161616161616132e+00 0.000000000000000000e+00
1.641414141414141437e+00 0.000000000000000000e+00
1.666666666666666741e+00 0.000000000000000000e+00
1.691919191919191823e+00 0.000000000000000000e+00
1.717171717171717127e+00 0.000000000000000000e+00
1.742424242424242431e+00 0.000000000000000000e+00
1.767676767676767735e+00 0.000000000000000000e+00
1.792929292929292817e+00 0.000000000000000000e+00
1.818181818181818121e+00 0.000000000000000000e+00
1.843434343434343425e+00 0.000000000000000000e+00
1.868686868686868729e+00 0.000000000000000000e+00
1.893939393939393812e+00 0.000000000000000000e+00
1.919191919191919116e+00 0.000000000000000000e+00
1.944444444444444420e+00 0.000000000000000000e+00
1.969696969696969724e+00 0.000000000000000000e+00
1.994949494949494806e+00 0.000000000000000000e+00
2.020202020202020332e+00 0.000000000000000000e+00
2.045454545454545414e+00 0.000000000000000000e+00
2.070707070707070496e+00 0.000000000000000000e+00
2.095959595959596022e+00 0.000000000000000000e+00
2.121212121212121104e+00 0.000000000000000000e+00
2.146464646464646631e+00 0.000000000000000000e+00
2.171717171717171713e+00 0.000000000000000000e+00
2.196969696969696795e+00 0.000000000000000000e+00
2.222222222222222321e+00 0.000000000000000000e+00
2.247474747474747403e+00 0.000000000000000000e+00
2.272727272727272485e+00 0.000000000000000000e+00
2.297979797979798011e+00 0.000000000000000000e+00
2.323232323232323093e+00 0.000000000000000000e+00
2.348484848484848619e+00 0.000000000000000000e+00
2.373737373737373701e+00 0.000000000000000000e+00
2.398989898989898784e+00 0.000000000000000000e+00
2.424242424242424310e+00 0.000000000000000000e+00
2.449494949494949392e+00 0.000000000000000000e+00
2.474747474747474918e+00 0.000000000000000000e+00
2.500000000000000000e+00 0.000000000000000000e+00
