0.000000000000000000e+00 0.000000000000000000e+00
2.525252525252525207e-02 4.907217380054772551e-03
5.050505050505050414e-02 6.077400368983511270e-02
7.575757575757575968e-02 3.581738520389355918e-01
1.010101010101010083e-01 1.362623733876487275e+00
1.262626262626262708e-01 3.588474744800152383e+00
1.515151515151515194e-01 6.608264117754112377e+00
1.767676767676767680e-01 8.430027564638955084e+00
2.020202020202020166e-01 7.427376357561831455e+00
2.272727272727272652e-01 4.813997045532542707e+00
2.525252525252525415e-01 2.918827920316893643e+00
2.777777777777777901e-01 2.039276876615701450e+00
3.030303030303030387e-01 1.282467820808319114e+00
3.282828282828282873e-01 5.451308131186588524e-01
3.535353535353535359e-01 1.384571386539699411e-01
3.787878787878787845e-01 1.969331522952542934e-02
4.040404040404040331e-01 1.484087032079516380e-03
4.292929292929292817e-01 5.601560750334000339e-05
4.545454545454545303e-01 9.985063936545778011e-07
4.797979797979797789e-01 7.905433726367036746e-09
5.050505050505050830e-01 2.607892679161303119e-11
5.303030303030302761e-01 3.354970788866693255e-14
5.555555555555555802e-01 1.571907219900419297e-17
5.808080808080807733e-01 2.499883101487389357e-21
6.060606060606060774e-01 1.255247613737252717e-25
6.313131313131312705e-01 1.847502886495129524e-30
6.565656565656565746e-01 7.385699372251287222e-36
6.818181818181817677e-01 7.417050041029199509e-42
7.070707070707070718e-01 1.727276898296760368e-48
7.323232323232322649e-01 8.594379804108580978e-56
7.575757575757575690e-01 8.402115842313181935e-64
7.828282828282827621e-01 1.481323629917823433e-72
8.080808080808080662e-01 4.314467831538992967e-82
8.333333333333333703e-01 1.898062051275559847e-92
8.585858585858585634e-01 1.150929394071232493e-103
8.838383838383838675e-01 8.760910671193740489e-116
9.090909090909090606e-01 7.609851929461553176e-129
9.343434343434343647e-01 6.843049518460646807e-143
9.595959595959595578e-01 5.768264810621083190e-158
9.848484848484848619e-01 4.119012069856427775e-174
1.010101010101010166e+00 2.247387873117797660e-191
1.035353535353535248e+00 8.434102134951844739e-210
1.060606060606060552e+00 1.955996341456742039e-229
1.085858585858585856e+00 2.513689274646518025e-250
1.111111111111111160e+00 1.602023350975924395e-272
1.136363636363636243e+00 4.522642530619199228e-296
1.161616161616161547e+00 4.318133744652494796e-321
1.186868686868686851e+00 0.000000000000000000e+00
1.212121212121212155e+00 0.000000000000000000e+00
1.237373737373737459e+00 0.000000000000000000e+00
1.262626262626262541e+00 0.000000000000000000e+00
1.287878787878787845e+00 0.000000000000000000e+00
1.313131313131313149e+00 0.000000000000000000e+00
1.338383838383838453e+00 0.000000000000000000e+00
1.363636363636363535e+00 0.000000000000000000e+00
1.388888888888888840e+00 0.000000000000000000e+00
1.414141414141414144e+00 0.000000000000000000e+00
1.439393939393939448e+00 0.000000000000000000e+00
1.464646464646464530e+00 0.000000000000000000e+00
1.489898989898989834e+00 0.000000000000000000e+00
1.515151515151515138e+00 0.000000000000000000e+00
1.540404040404040442e+00 0.000000000000000000e+00
1.565656565656565524e+00 0.000000000000000000e+00
1.590909090909090828e+00 0.000000000000000000e+00
1.616161616161616132e+00 0.000000000000000000e+00
1.641414141414141437e+00 0.000000000000000000e+00
1.666666666666666741e+00 0.000000000000000000e+00
1.691919191919191823e+00 0.000000000000000000e+00
1.717171717171717127e+00 0.000000000000000000e+00
1.742424242424242431e+00 0.000000000000000000e+00
1.767676767676767735e+00 0.000000000000000000e+00
1.792929292929292817e+00 0.000000000000000000e+00
1.818181818181818121e+00 0.000000000000000000e+00
1.843434343434343425e+00 0.000000000000000000e+00
1.868686868686868729e+00 0.000000000000000000e+00
1.893939393939393812e+00 0.000000000000000000e+00
1.919191919191919116e+00 0.000000000000000000e+00
1.944444444444444420e+00 0.000000000000000000e+00
1.969696969696969724e+00 0.000000000000000000e+00
1.994949494949494806e+00 0.000000000000000000e+00
2.020202020202020332e+00 0.000000000000000000e+00
2.045454545454545414e+00 0.000000000000000000e+00
2.070707070707070496e+00 0.000000000000000000e+00
2.095959595959596022e+00 0.000000000000000000e+00
2.121212121212121104e+00 0.000000000000000000e+00
2.146464646464646631e+00 0.000000000000000000e+00
2.171717171717171713e+00 0.000000000000000000e+00
2.196969696969696795e+00 0.000000000000000000e+00
2.222222222222222321e+00 0.000000000000000000e+00
2.247474747474747403e+00 0.000000000000000000e+00
2.272727272727272485e+00 0.000000000000000000e+00
2.297979797979798011e+00 0.000000000000000000e+00
2.323232323232323093e+00 0.000000000000000000e+00
2.348484848484848619e+00 0.000000000000000000e+00
2.373737373737373701e+00 0.000000000000000000e+00
2.398989898989898784e+00 0.000000000000000000e+00
2.424242424242424310e+00 0.000000000000000000e+00
2.449494949494949392e+00 0.000000000000000000e+00
2.474747474747474918e+00 0.000000000000000000e+00
2.500000000000000000e+00 0.000000000000000000e+00
