0.000000000000000000e+00 0.000000000000000000e+00
2.525252525252525207e-02 8.681500297177865413e-04
5.050505050505050414e-02 1.310146514988165534e-02
7.575757575757575968e-02 9.638604666848597791e-02
1.010101010101010083e-01 4.692431280402264426e-01
1.262626262626262708e-01 1.621910353344103051e+00
1.515151515151515194e-01 4.019270667967343336e+00
1.767676767676767680e-01 7.048658329032641667e+00
2.020202020202020166e-01 8.570423275225284243e+00
2.272727272727272652e-01 7.167051289027761563e+00
2.525252525252525415e-01 4.415991601229316998e+00
2.777777777777777901e-01 2.623387655777858374e+00
3.030303030303030387e-01 1.839007978912900354e+00
3.282828282828282873e-01 1.131971490611634268e+00
3.535353535353535359e-01 4.586288880963070858e-01
3.787878787878787845e-01 1.088872020856145872e-01
4.040404040404040331e-01 1.421691984077726872e-02
4.292929292929292817e-01 9.650871074280692593e-04
4.545454545454545303e-01 3.215875366906345703e-05
4.797979797979797789e-01 4.953601810347813216e-07
5.050505050505050830e-01 3.312931315670083939e-09
5.303030303030302761e-01 9.013336578937516318e-12
5.555555555555555802e-01 9.325335299894567403e-15
5.808080808080807733e-01 3.422576924272066977e-18
6.060606060606060774e-01 4.148457136701649062e-22
6.313131313131312705e-01 1.542982972920919301e-26
6.565656565656565746e-01 1.633243411444893968e-31
6.818181818181817677e-01 4.554210132227477196e-37
7.070707070707070718e-01 3.090915158234350740e-43
7.323232323232322649e-01 4.708596218033240386e-50
7.575757575757575690e-01 1.481901549462411794e-57
7.828282828282827621e-01 8.851860951214130925e-66
8.080808080808080662e-01 9.201697875399221762e-75
8.333333333333333703e-01 1.523401761350173294e-84
8.585858585858585634e-01 3.668856778419594258e-95
8.838383838383838675e-01 1.171746189962002030e-106
9.090909090909090606e-01 4.515418233817984712e-119
9.343434343434343647e-01 1.906586667999411223e-132
9.595959595959595578e-01 7.994626620094065252e-147
9.848484848484848619e-01 3.011393520427335803e-162
1.010101010101010166e+00 9.199501089403745254e-179
1.035353535353535248e+00 2.053727705137300479e-196
1.060606060606060552e+00 3.013088671123401063e-215
1.085858585858585856e+00 2.607558179926670091e-235
1.111111111111111160e+00 1.192409437346525767e-256
1.136363636363636243e+00 2.576059130648836781e-279
1.161616161616161547e+00 2.346109533532156857e-303
1.186868686868686851e+00 0.000000000000000000e+00
1.212121212121212155e+00 0.000000000000000000e+00
1.237373737373737459e+00 0.000000000000000000e+00
1.262626262626262541e+00 0.000000000000000000e+00
1.287878787878787845e+00 0.000000000000000000e+00
1.313131313131313149e+00 0.000000000000000000e+00
1.338383838383838453e+00 0.000000000000000000e+00
1.363636363636363535e+00 0.000000000000000000e+00
1.388888888888888840e+00 0.000000000000000000e+00
1.414141414141414144e+00 0.000000000000000000e+00
1.439393939393939448e+00 0.000000000000000000e+00
1.464646464646464530e+00 0.000000000000000000e+00
1.489898989898989834e+00 0.000000000000000000e+00
1.515151515151515138e+00 0.000000000000000000e+00
1.540404040404040442e+00 0.000000000000000000e+00
1.565656565656565524e+00 0.000000000000000000e+00
1.590909090909090828e+00 0.000000000000000000e+00
1.616161616161616132e+00 0.000000000000000000e+00
1.641414141414141437e+00 0.000000000000000000e+00
1.666666666666666741e+00 0.000000000000000000e+00
1.691919191919191823e+00 0.000000000000000000e+00
1.717171717171717127e+00 0.000000000000000000e+00
1.742424242424242431e+00 0.000000000000000000e+00
1.767676767676767735e+00 0.000000000000000000e+00
1.792929292929292817e+00 0.000000000000000000e+00
1.818181818181818121e+00 0.000000000000000000e+00
1.843434343434343425e+00 0.000000000000000000e+00
1.868686868686868729e+00 0.000000000000000000e+00
1.893939393939393812e+00 0.000000000000000000e+00
1.919191919191919116e+00 0.000000000000000000e+00
1.944444444444444420e+00 0.000000000000000000e+00
1.969696969696969724e+00 0.000000000000000000e+00
1.994949494949494806e+00 0.000000000000000000e+00
2.020202020202020332e+00 0.000000000000000000e+00
2.045454545454545414e+00 0.000000000000000000e+00
2.070707070707070496e+00 0.000000000000000000e+00
2.095959595959596022e+00 0.000000000000000000e+00
2.121212121212121104e+00 0.000000000000000000e+00
2.146464646464646631e+00 0.000000000000000000e+00
2.171717171717171713e+00 0.000000000000000000e+00
2.196969696969696795e+00 0.000000000000000000e+00
2.222222222222222321e+00 0.000000000000000000e+00
2.247474747474747403e+00 0.000000000000000000e+00
2.272727272727272485e+00 0.000000000000000000e+00
2.297979797979798011e+00 0.000000000000000000e+00
2.323232323232323093e+00 0.000000000000000000e+00
2.348484848484848619e+00 0.000000000000000000e+00
2.373737373737373701e+00 0.000000000000000000e+00
2.398989898989898784e+00 0.000000000000000000e+00
2.424242424242424310e+00 0.000000000000000000e+00
2.449494949494949392e+00 0.000000000000000000e+00
2.474747474747474918e+00 0.000000000000000000e+00
2.500000000000000000e+00 0.000000000000000000e+00
