0.000000000000000000e+00 0.000000000000000000e+00
2.525252525252525207e-02 5.926894207611590470e-01
5.050505050505050414e-02 2.952815691584746993e+00
7.575757575757575968e-02 6.393344452011528567e+00
1.010101010101010083e-01 8.293433942204503140e+00
1.262626262626262708e-01 7.353019606888250514e+00
1.515151515151515194e-01 5.346148995061263065e+00
1.767676767676767680e-01 3.928574063010113804e+00
2.020202020202020166e-01 2.735458052778655169e+00
2.272727272727272652e-01 1.422280687751484418e+00
2.525252525252525415e-01 4.767043967770934199e-01
2.777777777777777901e-01 9.571167660924205511e-02
3.030303030303030387e-01 1.091548799291943046e-02
3.282828282828282873e-01 6.718389458508295308e-04
3.535353535353535359e-01 2.116035298837447921e-05
3.787878787878787845e-01 3.225033454025291613e-07
4.040404040404040331e-01 2.243106365061803586e-09
4.292929292929292817e-01 6.697507754080410187e-12
4.545454545454545303e-01 8.056146554298637569e-15
4.797979797979797789e-01 3.655246427748688868e-18
5.050505050505050830e-01 5.844902432723936728e-22
5.303030303030302761e-01 3.071242396725363442e-26
5.555555555555555802e-01 4.934752587347301978e-31
5.808080808080807733e-01 2.251734517299590137e-36
6.060606060606060774e-01 2.704648438027332128e-42
6.313131313131312705e-01 7.911265108086043025e-49
6.565656565656565746e-01 5.203327068158115890e-56
6.818181818181817677e-01 7.091422947640875090e-64
7.070707070707070718e-01 1.841947281663233725e-72
7.323232323232322649e-01 8.370347445273508013e-82
7.575757575757575690e-01 6.097036202489249307e-92
7.828282828282827621e-01 6.509451926128447804e-103
8.080808080808080662e-01 9.296426940052286114e-115
8.333333333333333703e-01 1.617644594265780719e-127
8.585858585858585634e-01 3.117801406002993080e-141
8.838383838383838675e-01 6.039042939573577564e-156
9.090909090909090606e-01 1.064513359738433104e-171
9.343434343434343647e-01 1.543331533900417451e-188
9.595959595959595578e-01 1.659995460609035949e-206
9.848484848484848619e-01 1.192507512398569021e-225
1.010101010101010166e+00 5.140926203536094189e-246
1.035353535353535248e+00 1.192667873106403690e-267
1.060606060606060552e+00 1.332661410091401659e-290
1.085858585858585856e+00 6.406471819418053532e-315
1.111111111111111160e+00 0.000000000000000000e+00
1.136363636363636243e+00 0.000000000000000000e+00
1.161616161616161547e+00 0.000000000000000000e+00
1.186868686868686851e+00 0.000000000000000000e+00
1.212121212121212155e+00 0.000000000000000000e+00
1.237373737373737459e+00 0.000000000000000000e+00
1.262626262626262541e+00 0.000000000000000000e+00
1.287878787878787845e+00 0.000000000000000000e+00
1.313131313131313149e+00 0.000000000000000000e+00
1.338383838383838453e+00 0.000000000000000000e+00
1.363636363636363535e+00 0.000000000000000000e+00
1.388888888888888840e+00 0.000000000000000000e+00
1.414141414141414144e+00 0.000000000000000000e+00
1.439393939393939448e+00 0.000000000000000000e+00
1.464646464646464530e+00 0.000000000000000000e+00
1.489898989898989834e+00 0.000000000000000000e+00
1.515151515151515138e+00 0.000000000000000000e+00
1.540404040404040442e+00 0.000000000000000000e+00
1.565656565656565524e+00 0.000000000000000000e+00
1.590909090909090828e+00 0.000000000000000000e+00
1.616161616161616132e+00 0.000000000000000000e+00
1.641414141414141437e+00 0.000000000000000000e+00
1.666666666666666741e+00 0.000000000000000000e+00
1.691919191919191823e+00 0.000000000000000000e+00
1.717171717171717127e+00 0.000000000000000000e+00
1.742424242424242431e+00 0.000000000000000000e+00
1.767676767676767735e+00 0.000000000000000000e+00
1.792929292929292817e+00 0.000000000000000000e+00
1.818181818181818121e+00 0.000000000000000000e+00
1.843434343434343425e+00 0.000000000000000000e+00
1.868686868686868729e+00 0.000000000000000000e+00
1.893939393939393812e+00 0.000000000000000000e+00
1.919191919191919116e+00 0.000000000000000000e+00
1.944444444444444420e+00 0.000000000000000000e+00
1.969696969696969724e+00 0.000000000000000000e+00
1.994949494949494806e+00 0.000000000000000000e+00
2.020202020202020332e+00 0.000000000000000000e+00
2.045454545454545414e+00 0.000000000000000000e+00
2.070707070707070496e+00 0.000000000000000000e+00
2.095959595959596022e+00 0.000000000000000000e+00
2.121212121212121104e+00 0.000000000000000000e+00
2.146464646464646631e+00 0.000000000000000000e+00
2.171717171717171713e+00 0.000000000000000000e+00
2.196969696969696795e+00 0.000000000000000000e+00
2.222222222222222321e+00 0.000000000000000000e+00
2.247474747474747403e+00 0.000000000000000000e+00
2.272727272727272485e+00 0.000000000000000000e+00
2.297979797979798011e+00 0.000000000000000000e+00
2.323232323232323093e+00 0.000000000000000000e+00
2.348484848484848619e+00 0.000000000000000000e+00
2.373737373737373701e+00 0.000000000000000000e+00
2.398989898989898784e+00 0.000000000000000000e+00
2.424242424242424310e+00 0.000000000000000000e+00
2.449494949494949392e+00 0.000000000000000000e+00
2.474747474747474918e+00 0.000000000000000000e+00
2.500000000000000000e+00 0.000000000000000000e+00
