0.000000000000000000e+00 0.000000000000000000e+00
2.525252525252525207e-02 1.198489075968301291e-06
5.050505050505050414e-02 3.037199282337343123e-05
7.575757575757575968e-02 4.028462771781118413e-04
1.010101010101010083e-01 3.805273722891407834e-03
1.262626262626262708e-01 2.752642264637324143e-02
1.515151515151515194e-01 1.542868042407803120e-01
1.767676767676767680e-01 6.620158090471423007e-01
2.020202020202020166e-01 2.123181515289406018e+00
2.272727272727272652e-01 4.935836858278300099e+00
2.525252525252525415e-01 8.035629872618239133e+00
2.777777777777777901e-01 8.859122752609916773e+00
3.030303030303030387e-01 6.526798666113262648e+00
3.282828282828282873e-01 3.539481663661987021e+00
3.535353535353535359e-01 2.049535952273858097e+00
3.787878787878787845e-01 1.472923195472851665e+00
4.040404040404040331e-01 8.482036244758378585e-01
4.292929292929292817e-01 2.974727972725382252e-01
4.545454545454545303e-01 5.764640586876049883e-02
4.797979797979797789e-01 5.805008926190058198e-03
5.050505050505050830e-01 2.863876710861689833e-04
5.303030303030302761e-01 6.510995054118714269e-06
5.555555555555555802e-01 6.399140623564106939e-08
5.808080808080807733e-01 2.543933014306144061e-10
6.060606060606060774e-01 3.818725059733853812e-13
6.313131313131312705e-01 2.016318166980653550e-16
6.565656565656565746e-01 3.481542372411188142e-20
6.818181818181817677e-01 1.824244647895310896e-24
7.070707070707070718e-01 2.686705299515300843e-29
7.323232323232322649e-01 1.028283290259381007e-34
7.575757575757575690e-01 9.438244415594870144e-41
7.828282828282827621e-01 1.913719020911065084e-47
8.080808080808080662e-01 7.881015427992337955e-55
8.333333333333333703e-01 6.049103223768017625e-63
8.585858585858585634e-01 7.926221431354433708e-72
8.838383838383838675e-01 1.620835134388540698e-81
9.090909090909090606e-01 4.719609114484784268e-92
9.343434343434343647e-01 1.782084421563075623e-103
9.595959595959595578e-01 7.930989571809462795e-116
9.848484848484848619e-01 3.773851533875686507e-129
1.010101010101010166e+00 1.738362649546721101e-143
1.035353535353535248e+00 7.004726947013464477e-159
1.060606060606060552e+00 2.226849557746342125e-175
1.085858585858585856e+00 5.027461450968908701e-193
1.111111111111111160e+00 7.241514740663597183e-212
1.136363636363636243e+00 5.966948022146321081e-232
1.161616161616161547e+00 2.517045240589046108e-253
1.186868686868686851e+00 4.854824899856903403e-276
1.212121212121212155e+00 3.816643364283146057e-300
1.237373737373737459e+00 0.000000000000000000e+00
1.262626262626262541e+00 0.000000000000000000e+00
1.287878787878787845e+00 0.000000000000000000e+00
1.313131313131313149e+00 0.000000000000000000e+00
1.338383838383838453e+00 0.000000000000000000e+00
1.363636363636363535e+00 0.000000000000000000e+00
1.388888888888888840e+00 0.000000000000000000e+00
1.414141414141414144e+00 0.000000000000000000e+00
1.439393939393939448e+00 0.000000000000000000e+00
1.464646464646464530e+00 0.000000000000000000e+00
1.489898989898989834e+00 0.000000000000000000e+00
1.515151515151515138e+00 0.000000000000000000e+00
1.540404040404040442e+00 0.000000000000000000e+00
1.565656565656565524e+00 0.000000000000000000e+00
1.590909090909090828e+00 0.000000000000000000e+00
1.616161616161616132e+00 0.000000000000000000e+00
1.641414141414141437e+00 0.000000000000000000e+00
1.666666666666666741e+00 0.000000000000000000e+00
1.691919191919191823e+00 0.000000000000000000e+00
1.717171717171717127e+00 0.000000000000000000e+00
1.742424242424242431e+00 0.000000000000000000e+00
1.767676767676767735e+00 0.000000000000000000e+00
1.792929292929292817e+00 0.000000000000000000e+00
1.818181818181818121e+00 0.000000000000000000e+00
1.843434343434343425e+00 0.000000000000000000e+00
1.868686868686868729e+00 0.000000000000000000e+00
1.893939393939393812e+00 0.000000000000000000e+00
1.919191919191919116e+00 0.000000000000000000e+00
1.944444444444444420e+00 0.000000000000000000e+00
1.969696969696969724e+00 0.000000000000000000e+00
1.994949494949494806e+00 0.000000000000000000e+00
2.020202020202020332e+00 0.000000000000000000e+00
2.045454545454545414e+00 0.000000000000000000e+00
2.070707070707070496e+00 0.000000000000000000e+00
2.095959595959596022e+00 0.000000000000000000e+00
2.121212121212121104e+00 0.000000000000000000e+00
2.146464646464646631e+00 0.000000000000000000e+00
2.171717171717171713e+00 0.000000000000000000e+00
2.196969696969696795e+00 0.000000000000000000e+00
2.222222222222222321e+00 0.000000000000000000e+00
2.247474747474747403e+00 0.000000000000000000e+00
2.272727272727272485e+00 0.000000000000000000e+00
2.297979797979798011e+00 0.000000000000000000e+00
2.323232323232323093e+00 0.000000000000000000e+00
2.348484848484848619e+00 0.000000000000000000e+00
2.373737373737373701e+00 0.000000000000000000e+00
2.398989898989898784e+00 0.000000000000000000e+00
2.424242424242424310e+00 0.000000000000000000e+00
2.449494949494949392e+00 0.000000000000000000e+00
2.474747474747474918e+00 0.000000000000000000e+00
2.500000000000000000e+00 0.000000000000000000e+00
