0.000000000000000000e+00 0.000000000000000000e+00
2.525252525252525207e-02 1.363178073762098228e-05
5.050505050505050414e-02 2.942863638469860629e-04
7.575757575757575968e-02 3.248095089860934120e-03
1.010101010101010083e-01 2.491904655959426354e-02
1.262626262626262708e-01 1.427823035333332935e-01
1.515151515151515194e-01 6.177704698935381211e-01
1.767676767676767680e-01 1.992647134540464160e+00
2.020202020202020166e-01 4.675993937871793626e+00
2.272727272727272652e-01 7.743304354353445440e+00
2.525252525252525415e-01 8.774722367295112235e+00
2.777777777777777901e-01 6.720698813573740438e+00
3.030303030303030387e-01 3.791537673926495877e+00
3.282828282828282873e-01 2.202577136849946715e+00
3.535353535353535359e-01 1.567372823836392204e+00
3.787878787878787845e-01 9.234994949344145221e-01
4.040404040404040331e-01 3.399269116680290193e-01
4.292929292929292817e-01 7.050754132256452367e-02
4.545454545454545303e-01 7.747293835965960232e-03
4.797979797979797789e-01 4.255765990793284551e-04
5.050505050505050830e-01 1.100737668505227366e-05
5.303030303030302761e-01 1.259116733350693209e-07
5.555555555555555802e-01 5.967598553250343044e-10
5.808080808080807733e-01 1.095290539711006298e-12
6.060606060606060774e-01 7.260333047005406919e-16
6.313131313131312705e-01 1.617730088300225467e-19
6.565656565656565746e-01 1.125560894480919206e-23
6.818181818181817677e-01 2.267382219135677985e-28
7.070707070707070718e-01 1.223907251965755936e-33
7.323232323232322649e-01 1.635348900797517236e-39
7.575757575757575690e-01 4.987358311329509600e-46
7.828282828282827621e-01 3.195015006637595608e-53
8.080808080808080662e-01 3.949474896391801375e-61
8.333333333333333703e-01 8.637037422307131928e-70
8.585858585858585634e-01 3.057826869402206276e-79
8.838383838383838675e-01 1.600710543669915272e-89
9.090909090909090606e-01 1.129423062286400618e-100
9.343434343434343647e-01 9.772314951860038450e-113
9.595959595959595578e-01 9.415590510634875220e-126
9.848484848484848619e-01 9.155401125797926879e-140
1.010101010101010166e+00 8.126702351836476701e-155
1.035353535353535248e+00 5.944867660119973649e-171
1.060606060606060552e+00 3.229238909326988511e-188
1.085858585858585856e+00 1.171339137232003266e-206
1.111111111111111160e+00 2.546470149057610401e-226
1.136363636363636243e+00 2.972153330008682224e-247
1.161616161616161547e+00 1.665089994638225864e-269
1.186868686868686851e+00 3.995296412026519621e-293
1.212121212121212155e+00 3.656436565833771712e-318
1.237373737373737459e+00 0.000000000000000000e+00
1.262626262626262541e+00 0.000000000000000000e+00
1.287878787878787845e+00 0.000000000000000000e+00
1.313131313131313149e+00 0.000000000000000000e+00
1.338383838383838453e+00 0.000000000000000000e+00
1.363636363636363535e+00 0.000000000000000000e+00
1.388888888888888840e+00 0.000000000000000000e+00
1.414141414141414144e+00 0.000000000000000000e+00
1.439393939393939448e+00 0.000000000000000000e+00
1.464646464646464530e+00 0.000000000000000000e+00
1.489898989898989834e+00 0.000000000000000000e+00
1.515151515151515138e+00 0.000000000000000000e+00
1.540404040404040442e+00 0.000000000000000000e+00
1.565656565656565524e+00 0.000000000000000000e+00
1.590909090909090828e+00 0.000000000000000000e+00
1.616161616161616132e+00 0.000000000000000000e+00
1.641414141414141437e+00 0.000000000000000000e+00
1.666666666666666741e+00 0.000000000000000000e+00
1.691919191919191823e+00 0.000000000000000000e+00
1.717171717171717127e+00 0.000000000000000000e+00
1.742424242424242431e+00 0.000000000000000000e+00
1.767676767676767735e+00 0.000000000000000000e+00
1.792929292929292817e+00 0.000000000000000000e+00
1.818181818181818121e+00 0.000000000000000000e+00
1.843434343434343425e+00 0.000000000000000000e+00
1.868686868686868729e+00 0.000000000000000000e+00
1.893939393939393812e+00 0.000000000000000000e+00
1.919191919191919116e+00 0.000000000000000000e+00
1.944444444444444420e+00 0.000000000000000000e+00
1.969696969696969724e+00 0.000000000000000000e+00
1.994949494949494806e+00 0.000000000000000000e+00
2.020202020202020332e+00 0.000000000000000000e+00
2.045454545454545414e+00 0.000000000000000000e+00
2.070707070707070496e+00 0.000000000000000000e+00
2.095959595959596022e+00 0.000000000000000000e+00
2.121212121212121104e+00 0.000000000000000000e+00
2.146464646464646631e+00 0.000000000000000000e+00
2.171717171717171713e+00 0.000000000000000000e+00
2.196969696969696795e+00 0.000000000000000000e+00
2.222222222222222321e+00 0.000000000000000000e+00
2.247474747474747403e+00 0.000000000000000000e+00
2.272727272727272485e+00 0.000000000000000000e+00
2.297979797979798011e+00 0.000000000000000000e+00
2.323232323232323093e+00 0.000000000000000000e+00
2.348484848484848619e+00 0.000000000000000000e+00
2.373737373737373701e+00 0.000000000000000000e+00
2.398989898989898784e+00 0.000000000000000000e+00
2.424242424242424310e+00 0.000000000000000000e+00
2.449494949494949392e+00 0.000000000000000000e+00
2.474747474747474918e+00 0.000000000000000000e+00
2.500000000000000000e+00 0.000000000000000000e+00
