0.000000000000000000e+00 0.000000000000000000e+00
2.525252525252525207e-02 2.037841620131218612e+00
5.050505050505050414e-02 6.179076522765325485e+00
7.575757575757575968e-02 8.302668128729008501e+00
1.010101010101010083e-01 7.662222325630125397e+00
1.262626262626262708e-01 6.330689786584660084e+00
1.515151515151515194e-01 4.830439164064853408e+00
1.767676767676767680e-01 2.840083637368264302e+00
2.020202020202020166e-01 1.110628494501289421e+00
2.272727272727272652e-01 2.674837727374582697e-01
2.525252525252525415e-01 3.767526504171581775e-02
2.777777777777777901e-01 2.958190641250265426e-03
3.030303030303030387e-01 1.231905745115535831e-04
3.282828282828282873e-01 2.581221469064794007e-06
3.535353535353535359e-01 2.574091413417226652e-08
3.787878787878787845e-01 1.152492959645128630e-10
4.040404040404040331e-01 2.179819470885600044e-13
4.292929292929292817e-01 1.634863737631512059e-16
4.545454545454545303e-01 4.553558890338342106e-20
4.797979797979797789e-01 4.401739251321362969e-24
5.050505050505050830e-01 1.377201801381970117e-28
5.303030303030302761e-01 1.298046055988982462e-33
5.555555555555555802e-01 3.423409168895162424e-39
5.808080808080807733e-01 2.342104749023288508e-45
6.060606060606060774e-01 3.845785467654744737e-52
6.313131313131312705e-01 1.399584654664752113e-59
6.565656565656565746e-01 1.040411651448344932e-67
6.818181818181817677e-01 1.453155917936363039e-76
7.070707070707070718e-01 3.500915857625488298e-86
7.323232323232322649e-01 1.332991336934286820e-96
7.575757575757575690e-01 7.335252158672743816e-108
7.828282828282827621e-01 5.324302470299714662e-120
8.080808080808080662e-01 4.643443443592176639e-133
8.333333333333333703e-01 4.423530973678219800e-147
8.585858585858585634e-01 4.176601246746075385e-162
8.838383838383838675e-01 3.539381556857228399e-178
9.090909090909090606e-01 2.433096992553177776e-195
9.343434343434343647e-01 1.223906429079357873e-213
9.595959595959595578e-01 4.055783014084267092e-233
9.848484848484848619e-01 7.955577847945421512e-254
1.010101010101010166e+00 8.283692734574046415e-276
1.035353535353535248e+00 4.097963529152319371e-299
1.060606060606060552e+00 0.000000000000000000e+00
1.085858585858585856e+00 0.000000000000000000e+00
1.111111111111111160e+00 0.000000000000000000e+00
1.136363636363636243e+00 0.000000000000000000e+00
1.161616161616161547e+00 0.000000000000000000e+00
1.186868686868686851e+00 0.000000000000000000e+00
1.212121212121212155e+00 0.000000000000000000e+00
1.237373737373737459e+00 0.000000000000000000e+00
1.262626262626262541e+00 0.000000000000000000e+00
1.287878787878787845e+00 0.000000000000000000e+00
1.313131313131313149e+00 0.000000000000000000e+00
1.338383838383838453e+00 0.000000000000000000e+00
1.363636363636363535e+00 0.000000000000000000e+00
1.388888888888888840e+00 0.000000000000000000e+00
1.414141414141414144e+00 0.000000000000000000e+00
1.439393939393939448e+00 0.000000000000000000e+00
1.464646464646464530e+00 0.000000000000000000e+00
1.489898989898989834e+00 0.000000000000000000e+00
1.515151515151515138e+00 0.000000000000000000e+00
1.540404040404040442e+00 0.000000000000000000e+00
1.565656565656565524e+00 0.000000000000000000e+00
1.590909090909090828e+00 0.000000000000000000e+00
1.616161616161616132e+00 0.000000000000000000e+00
1.641414141414141437e+00 0.000000000000000000e+00
1.666666666666666741e+00 0.000000000000000000e+00
1.691919191919191823e+00 0.000000000000000000e+00
1.717171717171717127e+00 0.000000000000000000e+00
1.742424242424242431e+00 0.000000000000000000e+00
1.767676767676767735e+00 0.000000000000000000e+00
1.792929292929292817e+00 0.000000000000000000e+00
1.818181818181818121e+00 0.000000000000000000e+00
1.843434343434343425e+00 0.000000000000000000e+00
1.868686868686868729e+00 0.000000000000000000e+00
1.893939393939393812e+00 0.000000000000000000e+00
1.919191919191919116e+00 0.000000000000000000e+00
1.944444444444444420e+00 0.000000000000000000e+00
1.969696969696969724e+00 0.000000000000000000e+00
1.994949494949494806e+00 0.000000000000000000e+00
2.020202020202020332e+00 0.000000000000000000e+00
2.045454545454545414e+00 0.000000000000000000e+00
2.070707070707070496e+00 0.000000000000000000e+00
2.095959595959596022e+00 0.000000000000000000e+00
2.121212121212121104e+00 0.000000000000000000e+00
2.146464646464646631e+00 0.000000000000000000e+00
2.171717171717171713e+00 0.000000000000000000e+00
2.196969696969696795e+00 0.000000000000000000e+00
2.222222222222222321e+00 0.000000000000000000e+00
2.247474747474747403e+00 0.000000000000000000e+00
2.272727272727272485e+00 0.000000000000000000e+00
2.297979797979798011e+00 0.000000000000000000e+00
2.323232323232323093e+00 0.000000000000000000e+00
2.348484848484848619e+00 0.000000000000000000e+00
2.373737373737373701e+00 0.000000000000000000e+00
2.398989898989898784e+00 0.000000000000000000e+00
2.424242424242424310e+00 0.000000000000000000e+00
2.449494949494949392e+00 0.000000000000000000e+00
2.474747474747474918e+00 0.000000000000000000e+00
2.500000000000000000e+00 0.000000000000000000e+00
