0.000000000000000000e+00 0.000000000000000000e+00
2.525252525252525207e-02 1.222538683213030268e-04
5.050505050505050414e-02 2.220433101635734072e-03
7.575757575757575968e-02 2.013572754862741343e-02
1.010101010101010083e-01 1.238535872785876679e-01
1.262626262626262708e-01 5.547849997697908986e-01
1.515151515151515194e-01 1.828431325721443734e+00
1.767676767676767680e-01 4.375101029186321711e+00
2.020202020202020166e-01 7.419161423350579376e+00
2.272727272727272652e-01 8.680753009472766735e+00
2.525252525252525415e-01 6.932653045619126431e+00
2.777777777777777901e-01 4.080089973625721456e+00
3.030303030303030387e-01 2.390100668559949959e+00
3.282828282828282873e-01 1.686316225769613153e+00
3.535353535353535359e-01 1.015808147713662679e+00
3.787878787878787845e-01 3.923129973845816965e-01
4.040404040404040331e-01 8.706757718844800042e-02
4.292929292929292817e-01 1.043155174709757722e-02
4.545454545454545303e-01 6.373258155625828548e-04
4.797979797979797789e-01 1.872399563805519972e-05
5.050505050505050830e-01 2.487805791747441320e-07
5.303030303030302761e-01 1.402300069297356504e-09
5.555555555555555802e-01 3.137961180542428336e-12
5.808080808080807733e-01 2.602829097852537894e-15
6.060606060606060774e-01 7.456698359425989834e-19
6.313131313131312705e-01 6.861365024607703113e-23
6.565656565656565746e-01 1.882232542280048872e-27
6.818181818181817677e-01 1.426125857643187841e-32
7.070707070707070718e-01 2.759793846878925636e-38
7.323232323232322649e-01 1.259008099164268430e-44
7.575757575757575690e-01 1.247366347704255160e-51
7.828282828282827621e-01 2.467914815011564825e-59
8.080808080808080662e-01 8.948821428296884909e-68
8.333333333333333703e-01 5.447508761195546806e-77
8.585858585858585634e-01 5.089653386269503830e-87
8.838383838383838675e-01 6.659794241581088736e-98
9.090909090909090606e-01 1.111476729763388407e-109
9.343434343434343647e-01 2.150554510725522146e-122
9.595959595959595578e-01 4.376352924696117516e-136
9.848484848484848619e-01 8.480941528168991390e-151
1.010101010101010166e+00 1.414359089574187700e-166
1.035353535353535248e+00 1.830748105020938303e-183
1.060606060606060552e+00 1.655674875086970324e-201
1.085858585858585856e+00 9.398916643378010539e-221
1.111111111111111160e+00 3.003098931100639765e-241
1.136363636363636243e+00 4.833227536105055776e-263
1.161616161616161547e+00 3.499619763830186109e-286
1.186868686868686851e+00 1.016281829656835898e-310
1.212121212121212155e+00 0.000000000000000000e+00
1.237373737373737459e+00 0.000000000000000000e+00
1.262626262626262541e+00 0.000000000000000000e+00
1.287878787878787845e+00 0.000000000000000000e+00
1.313131313131313149e+00 0.000000000000000000e+00
1.338383838383838453e+00 0.000000000000000000e+00
1.363636363636363535e+00 0.000000000000000000e+00
1.388888888888888840e+00 0.000000000000000000e+00
1.414141414141414144e+00 0.000000000000000000e+00
1.439393939393939448e+00 0.000000000000000000e+00
1.464646464646464530e+00 0.000000000000000000e+00
1.489898989898989834e+00 0.000000000000000000e+00
1.515151515151515138e+00 0.000000000000000000e+00
1.540404040404040442e+00 0.000000000000000000e+00
1.565656565656565524e+00 0.000000000000000000e+00
1.590909090909090828e+00 0.000000000000000000e+00
1.616161616161616132e+00 0.000000000000000000e+00
1.641414141414141437e+00 0.000000000000000000e+00
1.666666666666666741e+00 0.000000000000000000e+00
1.691919191919191823e+00 0.000000000000000000e+00
1.717171717171717127e+00 0.000000000000000000e+00
1.742424242424242431e+00 0.000000000000000000e+00
1.767676767676767735e+00 0.000000000000000000e+00
1.792929292929292817e+00 0.000000000000000000e+00
1.818181818181818121e+00 0.000000000000000000e+00
1.843434343434343425e+00 0.000000000000000000e+00
1.868686868686868729e+00 0.000000000000000000e+00
1.893939393939393812e+00 0.000000000000000000e+00
1.919191919191919116e+00 0.000000000000000000e+00
1.944444444444444420e+00 0.000000000000000000e+00
1.969696969696969724e+00 0.000000000000000000e+00
1.994949494949494806e+00 0.000000000000000000e+00
2.020202020202020332e+00 0.000000000000000000e+00
2.045454545454545414e+00 0.000000000000000000e+00
2.070707070707070496e+00 0.000000000000000000e+00
2.095959595959596022e+00 0.000000000000000000e+00
2.121212121212121104e+00 0.000000000000000000e+00
2.146464646464646631e+00 0.000000000000000000e+00
2.171717171717171713e+00 0.000000000000000000e+00
2.196969696969696795e+00 0.000000000000000000e+00
2.222222222222222321e+00 0.000000000000000000e+00
2.247474747474747403e+00 0.000000000000000000e+00
2.272727272727272485e+00 0.000000000000000000e+00
2.297979797979798011e+00 0.000000000000000000e+00
2.323232323232323093e+00 0.000000000000000000e+00
2.348484848484848619e+00 0.000000000000000000e+00
2.373737373737373701e+00 0.000000000000000000e+00
2.398989898989898784e+00 0.000000000000000000e+00
2.424242424242424310e+00 0.000000000000000000e+00
2.449494949494949392e+00 0.000000000000000000e+00
2.474747474747474918e+00 0.000000000000000000e+00
2.500000000000000000e+00 0.000000000000000000e+00
