0.000000000000000000e+00 0.000000000000000000e+00
2.525252525252525207e-02 2.222341577605819671e-02
5.050505050505050414e-02 2.230920938495866424e-01
7.575757575757575968e-02 1.040201942930341072e+00
1.010101010101010083e-01 3.054364675109372929e+00
1.262626262626262708e-01 6.058966014455741345e+00
1.515151515151515194e-01 8.231594098288484318e+00
1.767676767676767680e-01 7.712302227088833284e+00
2.020202020202020166e-01 5.293132948976406738e+00
2.272727272727272652e-01 3.300288157655479448e+00
2.525252525252525415e-01 2.308123180651364681e+00
2.777777777777777901e-01 1.483692261327576256e+00
3.030303030303030387e-01 6.618869223981437289e-01
3.282828282828282873e-01 1.798970545002091526e-01
3.535353535353535359e-01 2.787043893622465768e-02
3.787878787878787845e-01 2.330127704965703848e-03
4.040404040404040331e-01 9.950322281689809659e-05
4.292929292929292817e-01 2.049143957531933830e-06
4.545454545454545303e-01 1.916442602386046042e-08
4.797979797979797789e-01 7.645672814042997272e-11
5.050505050505050830e-01 1.219294554641507820e-13
5.303030303030302761e-01 7.267529916818497786e-17
5.555555555555555802e-01 1.510614681414015929e-20
5.808080808080807733e-01 1.019631386982233417e-24
6.060606060606060774e-01 2.077035914033331765e-29
6.313131313131312705e-01 1.184437192058210359e-34
6.565656565656565746e-01 1.750552033191091252e-40
6.818181818181817677e-01 6.196303389157708126e-47
7.070707070707070718e-01 4.844563409037128297e-54
7.323232323232322649e-01 7.701544431885448379e-62
7.575757575757575690e-01 2.287197297508301702e-70
7.828282828282827621e-01 1.163578317794120148e-79
8.080808080808080662e-01 9.280631954089829129e-90
8.333333333333333703e-01 1.060063269574446063e-100
8.585858585858585634e-01 1.580876947473591426e-112
8.838383838383838675e-01 2.800738174694749901e-125
9.090909090909090606e-01 5.353118400183757295e-139
9.343434343434343647e-01 1.000478593515514150e-153
9.595959595959595578e-01 1.654004103562846088e-169
9.848484848484848619e-01 2.183778137264941703e-186
1.010101010101010166e+00 2.074878619976589598e-204
1.035353535353535248e+00 1.275885652689587099e-223
1.060606060606060552e+00 4.557656882392039473e-244
1.085858585858585856e+00 8.472496401209208287e-266
1.111111111111111160e+00 7.328298139839494002e-289
1.136363636363636243e+00 2.631793408106094256e-313
1.161616161616161547e+00 0.000000000000000000e+00
1.186868686868686851e+00 0.000000000000000000e+00
1.212121212121212155e+00 0.000000000000000000e+00
1.237373737373737459e+00 0.000000000000000000e+00
1.262626262626262541e+00 0.000000000000000000e+00
1.287878787878787845e+00 0.000000000000000000e+00
1.313131313131313149e+00 0.000000000000000000e+00
1.338383838383838453e+00 0.000000000000000000e+00
1.363636363636363535e+00 0.000000000000000000e+00
1.388888888888888840e+00 0.000000000000000000e+00
1.414141414141414144e+00 0.000000000000000000e+00
1.439393939393939448e+00 0.000000000000000000e+00
1.464646464646464530e+00 0.000000000000000000e+00
1.489898989898989834e+00 0.000000000000000000e+00
1.515151515151515138e+00 0.000000000000000000e+00
1.540404040404040442e+00 0.000000000000000000e+00
1.565656565656565524e+00 0.000000000000000000e+00
1.590909090909090828e+00 0.000000000000000000e+00
1.616161616161616132e+00 0.000000000000000000e+00
1.641414141414141437e+00 0.000000000000000000e+00
1.666666666666666741e+00 0.000000000000000000e+00
1.691919191919191823e+00 0.000000000000000000e+00
1.717171717171717127e+00 0.000000000000000000e+00
1.742424242424242431e+00 0.000000000000000000e+00
1.767676767676767735e+00 0.000000000000000000e+00
1.792929292929292817e+00 0.000000000000000000e+00
1.818181818181818121e+00 0.000000000000000000e+00
1.843434343434343425e+00 0.000000000000000000e+00
1.868686868686868729e+00 0.000000000000000000e+00
1.893939393939393812e+00 0.000000000000000000e+00
1.919191919191919116e+00 0.000000000000000000e+00
1.944444444444444420e+00 0.000000000000000000e+00
1.969696969696969724e+00 0.000000000000000000e+00
1.994949494949494806e+00 0.000000000000000000e+00
2.020202020202020332e+00 0.000000000000000000e+00
2.045454545454545414e+00 0.000000000000000000e+00
2.070707070707070496e+00 0.000000000000000000e+00
2.095959595959596022e+00 0.000000000000000000e+00
2.121212121212121104e+00 0.000000000000000000e+00
2.146464646464646631e+00 0.000000000000000000e+00
2.171717171717171713e+00 0.000000000000000000e+00
2.196969696969696795e+00 0.000000000000000000e+00
2.222222222222222321e+00 0.000000000000000000e+00
2.247474747474747403e+00 0.000000000000000000e+00
2.272727272727272485e+00 0.000000000000000000e+00
2.297979797979798011e+00 0.000000000000000000e+00
2.323232323232323093e+00 0.000000000000000000e+00
2.348484848484848619e+00 0.000000000000000000e+00
2.373737373737373701e+00 0.000000000000000000e+00
2.398989898989898784e+00 0.000000000000000000e+00
2.424242424242424310e+00 0.000000000000000000e+00
2.449494949494949392e+00 0.000000000000000000e+00
2.474747474747474918e+00 0.000000000000000000e+00
2.500000000000000000e+00 0.000000000000000000e+00
